-0.707107	-4.10687e-18	0.707107	
-0.706965	-4.10605e-18	0.706965	
-0.706541	-4.10359e-18	0.706541	
-0.705834	-4.09948e-18	0.705834	
-0.704845	-4.09374e-18	0.704845	
-0.703574	-4.08636e-18	0.703574	
-0.702022	-4.07734e-18	0.702022	
-0.700188	-4.06669e-18	0.700188	
-0.698075	-4.05442e-18	0.698075	
-0.695683	-4.04052e-18	0.695683	
-0.693012	-4.02501e-18	0.693012	
-0.690064	-4.00789e-18	0.690064	
-0.68684	-3.98916e-18	0.68684	
-0.683341	-3.96884e-18	0.683341	
-0.679569	-3.94693e-18	0.679569	
-0.675525	-3.92345e-18	0.675525	
-0.671211	-3.89839e-18	0.671211	
-0.666628	-3.87177e-18	0.666628	
-0.661779	-3.84361e-18	0.661779	
-0.656665	-3.81391e-18	0.656665	
-0.651288	-3.78268e-18	0.651288	
-0.645651	-3.74994e-18	0.645651	
-0.639756	-3.7157e-18	0.639756	
-0.633605	-3.67997e-18	0.633605	
-0.6272	-3.64278e-18	0.6272	
-0.620545	-3.60412e-18	0.620545	
-0.613641	-3.56402e-18	0.613641	
-0.606492	-3.5225e-18	0.606492	
-0.5991	-3.47957e-18	0.5991	
-0.591468	-3.43525e-18	0.591468	
-0.5836	-3.38955e-18	0.5836	
-0.575499	-3.3425e-18	0.575499	
-0.567167	-3.29411e-18	0.567167	
-0.558609	-3.2444e-18	0.558609	
-0.549827	-3.19339e-18	0.549827	
-0.540825	-3.14111e-18	0.540825	
-0.531607	-3.08757e-18	0.531607	
-0.522176	-3.0328e-18	0.522176	
-0.512536	-2.97681e-18	0.512536	
-0.502692	-2.91963e-18	0.502692	
-0.492646	-2.86129e-18	0.492646	
-0.482403	-2.8018e-18	0.482403	
-0.471967	-2.74119e-18	0.471967	
-0.461343	-2.67948e-18	0.461343	
-0.450534	-2.6167e-18	0.450534	
-0.439545	-2.55287e-18	0.439545	
-0.42838	-2.48803e-18	0.42838	
-0.417043	-2.42218e-18	0.417043	
-0.40554	-2.35537e-18	0.40554	
-0.393874	-2.28762e-18	0.393874	
-0.382051	-2.21895e-18	0.382051	
-0.370076	-2.1494e-18	0.370076	
-0.357952	-2.07898e-18	0.357952	
-0.345685	-2.00774e-18	0.345685	
-0.333279	-1.93569e-18	0.333279	
-0.320741	-1.86286e-18	0.320741	
-0.308074	-1.78929e-18	0.308074	
-0.295284	-1.71501e-18	0.295284	
-0.282376	-1.64004e-18	0.282376	
-0.269355	-1.56441e-18	0.269355	
-0.256226	-1.48816e-18	0.256226	
-0.242994	-1.41131e-18	0.242994	
-0.229666	-1.3339e-18	0.229666	
-0.216245	-1.25595e-18	0.216245	
-0.202738	-1.1775e-18	0.202738	
-0.18915	-1.09858e-18	0.18915	
-0.175487	-1.01923e-18	0.175487	
-0.161753	-9.39459e-19	0.161753	
-0.147954	-8.59317e-19	0.147954	
-0.134096	-7.78831e-19	0.134096	
-0.120185	-6.98034e-19	0.120185	
-0.106225	-6.16957e-19	0.106225	
-0.0922235	-5.35634e-19	0.0922235	
-0.0781846	-4.54096e-19	0.0781846	
-0.0641145	-3.72377e-19	0.0641145	
-0.0500188	-2.90509e-19	0.0500188	
-0.035903	-2.08524e-19	0.035903	
-0.0217728	-1.26457e-19	0.0217728	
-0.00763401	-4.43383e-20	0.00763401	
0.00650789	3.77978e-20	-0.00650789	
0.0206472	1.19919e-19	-0.0206472	
0.0347782	2.01992e-19	-0.0347782	
0.0488953	2.83984e-19	-0.0488953	
0.0629929	3.65863e-19	-0.0629929	
0.0770653	4.47595e-19	-0.0770653	
0.0911068	5.29148e-19	-0.0911068	
0.105112	6.1049e-19	-0.105112	
0.119075	6.91587e-19	-0.119075	
0.13299	7.72408e-19	-0.13299	
0.146853	8.5292e-19	-0.146853	
0.160656	9.3309e-19	-0.160656	
0.174395	1.01289e-18	-0.174395	
0.188065	1.09228e-18	-0.188065	
0.201659	1.17124e-18	-0.201659	
0.215173	1.24972e-18	-0.215173	
0.2286	1.32771e-18	-0.2286	
0.241936	1.40517e-18	-0.241936	
0.255176	1.48206e-18	-0.255176	
0.268313	1.55836e-18	-0.268313	
0.281343	1.63404e-18	-0.281343	
0.29426	1.70906e-18	-0.29426	
0.30706	1.7834e-18	-0.30706	
0.319737	1.85703e-18	-0.319737	
0.332286	1.92991e-18	-0.332286	
0.344702	2.00203e-18	-0.344702	
0.35698	2.07334e-18	-0.35698	
0.369116	2.14382e-18	-0.369116	
0.381103	2.21345e-18	-0.381103	
0.392939	2.28219e-18	-0.392939	
0.404617	2.35001e-18	-0.404617	
0.416133	2.4169e-18	-0.416133	
0.427483	2.48282e-18	-0.427483	
0.438662	2.54775e-18	-0.438662	
0.449665	2.61165e-18	-0.449665	
0.460489	2.67452e-18	-0.460489	
0.471128	2.73631e-18	-0.471128	
0.481579	2.79701e-18	-0.481579	
0.491838	2.85659e-18	-0.491838	
0.501899	2.91503e-18	-0.501899	
0.51176	2.9723e-18	-0.51176	
0.521416	3.02838e-18	-0.521416	
0.530864	3.08325e-18	-0.530864	
0.540099	3.13689e-18	-0.540099	
0.549118	3.18928e-18	-0.549118	
0.557918	3.24038e-18	-0.557918	
0.566494	3.2902e-18	-0.566494	
0.574844	3.33869e-18	-0.574844	
0.582964	3.38585e-18	-0.582964	
0.59085	3.43166e-18	-0.59085	
0.598501	3.47609e-18	-0.598501	
0.605912	3.51913e-18	-0.605912	
0.61308	3.56077e-18	-0.61308	
0.620004	3.60098e-18	-0.620004	
0.626679	3.63975e-18	-0.626679	
0.633104	3.67707e-18	-0.633104	
0.639276	3.71291e-18	-0.639276	
0.645191	3.74727e-18	-0.645191	
0.650849	3.78013e-18	-0.650849	
0.656247	3.81148e-18	-0.656247	
0.661381	3.8413e-18	-0.661381	
0.666252	3.86959e-18	-0.666252	
0.670856	3.89633e-18	-0.670856	
0.675191	3.92151e-18	-0.675191	
0.679257	3.94512e-18	-0.679257	
0.683051	3.96715e-18	-0.683051	
0.686571	3.9876e-18	-0.686571	
0.689817	4.00645e-18	-0.689817	
0.692787	4.0237e-18	-0.692787	
0.69548	4.03935e-18	-0.69548	
0.697895	4.05337e-18	-0.697895	
0.70003	4.06577e-18	-0.70003	
0.701886	4.07655e-18	-0.701886	
0.703461	4.0857e-18	-0.703461	
0.704754	4.09321e-18	-0.704754	
0.705766	4.09909e-18	-0.705766	
0.706495	4.10332e-18	-0.706495	
0.706942	4.10592e-18	-0.706942	
0.707106	4.10687e-18	-0.707106	
0.706987	4.10618e-18	-0.706987	
0.706585	4.10384e-18	-0.706585	
0.705901	4.09987e-18	-0.705901	
0.704934	4.09426e-18	-0.704934	
0.703686	4.087e-18	-0.703686	
0.702156	4.07812e-18	-0.702156	
0.700345	4.0676e-18	-0.700345	
0.698254	4.05545e-18	-0.698254	
0.695883	4.04169e-18	-0.695883	
0.693235	4.0263e-18	-0.693235	
0.690309	4.00931e-18	-0.690309	
0.687106	3.99071e-18	-0.687106	
0.68363	3.97052e-18	-0.68363	
0.679879	3.94874e-18	-0.679879	
0.675857	3.92537e-18	-0.675857	
0.671564	3.90044e-18	-0.671564	
0.667003	3.87395e-18	-0.667003	
0.662175	3.84591e-18	-0.662175	
0.657082	3.81633e-18	-0.657082	
0.651726	3.78522e-18	-0.651726	
0.64611	3.7526e-18	-0.64611	
0.640235	3.71848e-18	-0.640235	
0.634104	3.68287e-18	-0.634104	
0.627719	3.64579e-18	-0.627719	
0.621084	3.60725e-18	-0.621084	
0.6142	3.56727e-18	-0.6142	
0.60707	3.52586e-18	-0.60707	
0.599697	3.48304e-18	-0.599697	
0.592085	3.43883e-18	-0.592085	
0.584236	3.39324e-18	-0.584236	
0.576153	3.34629e-18	-0.576153	
0.567839	3.29801e-18	-0.567839	
0.559299	3.2484e-18	-0.559299	
0.550534	3.1975e-18	-0.550534	
0.54155	3.14532e-18	-0.54155	
0.532349	3.09188e-18	-0.532349	
0.522935	3.0372e-18	-0.522935	
0.513312	2.98131e-18	-0.513312	
0.503483	2.92423e-18	-0.503483	
0.493453	2.86597e-18	-0.493453	
0.483226	2.80657e-18	-0.483226	
0.472805	2.74605e-18	-0.472805	
0.462196	2.68443e-18	-0.462196	
0.451401	2.62174e-18	-0.451401	
0.440426	2.55799e-18	-0.440426	
0.429275	2.49323e-18	-0.429275	
0.417952	2.42746e-18	-0.417952	
0.406462	2.36073e-18	-0.406462	
0.394809	2.29305e-18	-0.394809	
0.382999	2.22445e-18	-0.382999	
0.371035	2.15497e-18	-0.371035	
0.358923	2.08462e-18	-0.358923	
0.346667	2.01344e-18	-0.346667	
0.334272	1.94145e-18	-0.334272	
0.321744	1.86869e-18	-0.321744	
0.309087	1.79518e-18	-0.309087	
0.296307	1.72095e-18	-0.296307	
0.283408	1.64603e-18	-0.283408	
0.270395	1.57046e-18	-0.270395	
0.257275	1.49425e-18	-0.257275	
0.244052	1.41745e-18	-0.244052	
0.23073	1.34008e-18	-0.23073	
0.217317	1.26218e-18	-0.217317	
0.203817	1.18377e-18	-0.203817	
0.190235	1.10488e-18	-0.190235	
0.176577	1.02556e-18	-0.176577	
0.162849	9.45825e-19	-0.162849	
0.149055	8.65712e-19	-0.149055	
0.135202	7.85252e-19	-0.135202	
0.121295	7.04478e-19	-0.121295	
0.107339	6.23423e-19	-0.107339	
0.0933399	5.42118e-19	-0.0933399	
0.0793038	4.60596e-19	-0.0793038	
0.065236	3.7889e-19	-0.065236	
0.051142	2.97033e-19	-0.051142	
0.0370277	2.15056e-19	-0.0370277	
0.0228985	1.32994e-19	-0.0228985	
0.00876011	5.08787e-20	-0.00876011	
-0.00538175	-3.12572e-20	0.00538175	
-0.0195215	-1.13381e-19	0.0195215	
-0.0336534	-1.95459e-19	0.0336534	
-0.0477718	-2.77458e-19	0.0477718	
-0.0618711	-3.59347e-19	0.0618711	
-0.0759457	-4.41092e-19	0.0759457	
-0.0899899	-5.22661e-19	0.0899899	
-0.103998	-6.04021e-19	0.103998	
-0.117965	-6.85139e-19	0.117965	
-0.131884	-7.65983e-19	0.131884	
-0.145751	-8.4652e-19	0.145751	
-0.159559	-9.26719e-19	0.159559	
-0.173304	-1.00655e-18	0.173304	
-0.186979	-1.08597e-18	0.186979	
-0.200579	-1.16496e-18	0.200579	
-0.2141	-1.24349e-18	0.2141	
-0.227534	-1.32152e-18	0.227534	
-0.240878	-1.39902e-18	0.240878	
-0.254125	-1.47596e-18	0.254125	
-0.267271	-1.55231e-18	0.267271	
-0.280309	-1.62804e-18	0.280309	
-0.293236	-1.70311e-18	0.293236	
-0.306045	-1.77751e-18	0.306045	
-0.318732	-1.85119e-18	0.318732	
-0.331291	-1.92414e-18	0.331291	
-0.343718	-1.99631e-18	0.343718	
-0.356008	-2.06769e-18	0.356008	
-0.368154	-2.13824e-18	0.368154	
-0.380154	-2.20793e-18	0.380154	
-0.392002	-2.27675e-18	0.392002	
-0.403693	-2.34465e-18	0.403693	
-0.415222	-2.41161e-18	0.415222	
-0.426585	-2.47761e-18	0.426585	
-0.437778	-2.54261e-18	0.437778	
-0.448796	-2.6066e-18	0.448796	
-0.459634	-2.66955e-18	0.459634	
-0.470288	-2.73143e-18	0.470288	
-0.480754	-2.79222e-18	0.480754	
-0.491028	-2.85189e-18	0.491028	
-0.501105	-2.91042e-18	0.501105	
-0.510982	-2.96778e-18	0.510982	
-0.520655	-3.02396e-18	0.520655	
-0.530119	-3.07893e-18	0.530119	
-0.539371	-3.13267e-18	0.539371	
-0.548408	-3.18515e-18	0.548408	
-0.557225	-3.23636e-18	0.557225	
-0.565819	-3.28628e-18	0.565819	
-0.574187	-3.33488e-18	0.574187	
-0.582326	-3.38215e-18	0.582326	
-0.590231	-3.42806e-18	0.590231	
-0.5979	-3.4726e-18	0.5979	
-0.605331	-3.51576e-18	0.605331	
-0.612519	-3.55751e-18	0.612519	
-0.619462	-3.59783e-18	0.619462	
-0.626157	-3.63672e-18	0.626157	
-0.632602	-3.67415e-18	0.632602	
-0.638793	-3.71011e-18	0.638793	
-0.64473	-3.74459e-18	0.64473	
-0.650408	-3.77757e-18	0.650408	
-0.655826	-3.80904e-18	0.655826	
-0.660982	-3.83898e-18	0.660982	
-0.665874	-3.86739e-18	0.665874	
-0.670499	-3.89425e-18	0.670499	
-0.674856	-3.91956e-18	0.674856	
-0.678943	-3.9433e-18	0.678943	
-0.682758	-3.96546e-18	0.682758	
-0.686301	-3.98603e-18	0.686301	
-0.689569	-4.00501e-18	0.689569	
-0.692561	-4.02239e-18	0.692561	
-0.695276	-4.03816e-18	0.695276	
-0.697713	-4.05231e-18	0.697713	
-0.699871	-4.06485e-18	0.699871	
-0.701749	-4.07575e-18	0.701749	
-0.703346	-4.08503e-18	0.703346	
-0.704662	-4.09267e-18	0.704662	
-0.705696	-4.09868e-18	0.705696	
-0.706448	-4.10304e-18	0.706448	
-0.706917	-4.10577e-18	0.706917	
-0.707103	-4.10685e-18	0.707103	
-0.707007	-4.10629e-18	0.707007	
-0.706628	-4.10409e-18	0.706628	
-0.705966	-4.10025e-18	0.705966	
-0.705022	-4.09476e-18	0.705022	
-0.703795	-4.08764e-18	0.703795	
-0.702288	-4.07888e-18	0.702288	
-0.700499	-4.0685e-18	0.700499	
-0.69843	-4.05648e-18	0.69843	
-0.696082	-4.04284e-18	0.696082	
-0.693456	-4.02759e-18	0.693456	
-0.690552	-4.01072e-18	0.690552	
-0.687372	-3.99225e-18	0.687372	
-0.683916	-3.97218e-18	0.683916	
-0.680188	-3.95053e-18	0.680188	
-0.676187	-3.92729e-18	0.676187	
-0.671916	-3.90248e-18	0.671916	
-0.667376	-3.87612e-18	0.667376	
-0.662569	-3.8482e-18	0.662569	
-0.657497	-3.81874e-18	0.657497	
-0.652162	-3.78776e-18	0.652162	
-0.646567	-3.75526e-18	0.646567	
-0.640712	-3.72125e-18	0.640712	
-0.634602	-3.68576e-18	0.634602	
-0.628237	-3.6488e-18	0.628237	
-0.621621	-3.61037e-18	0.621621	
-0.614757	-3.57051e-18	0.614757	
-0.607647	-3.52921e-18	0.607647	
-0.600293	-3.4865e-18	0.600293	
-0.5927	-3.4424e-18	0.5927	
-0.584869	-3.39692e-18	0.584869	
-0.576805	-3.35008e-18	0.576805	
-0.56851	-3.3019e-18	0.56851	
-0.559987	-3.2524e-18	0.559987	
-0.55124	-3.2016e-18	0.55124	
-0.542273	-3.14952e-18	0.542273	
-0.533089	-3.09618e-18	0.533089	
-0.523692	-3.0416e-18	0.523692	
-0.514086	-2.98581e-18	0.514086	
-0.504273	-2.92882e-18	0.504273	
-0.494259	-2.87066e-18	0.494259	
-0.484048	-2.81135e-18	0.484048	
-0.473642	-2.75091e-18	0.473642	
-0.463048	-2.68938e-18	0.463048	
-0.452268	-2.62677e-18	0.452268	
-0.441307	-2.56311e-18	0.441307	
-0.430169	-2.49842e-18	0.430169	
-0.41886	-2.43274e-18	0.41886	
-0.407383	-2.36608e-18	0.407383	
-0.395743	-2.29847e-18	0.395743	
-0.383945	-2.22995e-18	0.383945	
-0.371993	-2.16053e-18	0.371993	
-0.359892	-2.09025e-18	0.359892	
-0.347648	-2.01914e-18	0.347648	
-0.335264	-1.94721e-18	0.335264	
-0.322747	-1.87451e-18	0.322747	
-0.3101	-1.80106e-18	0.3101	
-0.297329	-1.72689e-18	0.297329	
-0.284439	-1.65202e-18	0.284439	
-0.271436	-1.5765e-18	0.271436	
-0.258324	-1.50034e-18	0.258324	
-0.245108	-1.42359e-18	0.245108	
-0.231795	-1.34626e-18	0.231795	
-0.218389	-1.2684e-18	0.218389	
-0.204895	-1.19003e-18	0.204895	
-0.19132	-1.11118e-18	0.19132	
-0.177668	-1.03189e-18	0.177668	
-0.163944	-9.52189e-19	0.163944	
-0.150156	-8.72104e-19	0.150156	
-0.136307	-7.91671e-19	0.136307	
-0.122404	-7.10921e-19	0.122404	
-0.108452	-6.29887e-19	0.108452	
-0.0944561	-5.48601e-19	0.0944561	
-0.0804228	-4.67095e-19	0.0804228	
-0.0663573	-3.85403e-19	0.0663573	
-0.0522652	-3.03556e-19	0.0522652	
-0.0381522	-2.21588e-19	0.0381522	
-0.024024	-1.39531e-19	0.024024	
-0.00988619	-5.74189e-20	0.00988619	
0.0042556	2.47165e-20	-0.0042556	
0.0183957	1.06842e-19	-0.0183957	
0.0325284	1.88925e-19	-0.0325284	
0.0466481	2.70932e-19	-0.0466481	
0.0607492	3.52831e-19	-0.0607492	
0.0748259	4.34589e-19	-0.0748259	
0.0888728	5.16173e-19	-0.0888728	
0.102884	5.9755e-19	-0.102884	
0.116854	6.78689e-19	-0.116854	
0.130778	7.59556e-19	-0.130778	
0.144649	8.40119e-19	-0.144649	
0.158462	9.20346e-19	-0.158462	
0.172212	1.0002e-18	-0.172212	
0.185893	1.07966e-18	-0.185893	
0.199499	1.15869e-18	-0.199499	
0.213026	1.23725e-18	-0.213026	
0.226468	1.31532e-18	-0.226468	
0.239819	1.39287e-18	-0.239819	
0.253074	1.46985e-18	-0.253074	
0.266228	1.54625e-18	-0.266228	
0.279275	1.62203e-18	-0.279275	
0.292211	1.69716e-18	-0.292211	
0.305029	1.77161e-18	-0.305029	
0.317726	1.84535e-18	-0.317726	
0.330296	1.91836e-18	-0.330296	
0.342734	1.9906e-18	-0.342734	
0.355034	2.06204e-18	-0.355034	
0.367193	2.13265e-18	-0.367193	
0.379204	2.20242e-18	-0.379204	
0.391064	2.2713e-18	-0.391064	
0.402768	2.33927e-18	-0.402768	
0.41431	2.40631e-18	-0.41431	
0.425687	2.47239e-18	-0.425687	
0.436893	2.53747e-18	-0.436893	
0.447925	2.60155e-18	-0.447925	
0.458777	2.66458e-18	-0.458777	
0.469446	2.72654e-18	-0.469446	
0.479928	2.78742e-18	-0.479928	
0.490217	2.84718e-18	-0.490217	
0.50031	2.9058e-18	-0.50031	
0.510203	2.96326e-18	-0.510203	
0.519892	3.01953e-18	-0.519892	
0.529373	3.0746e-18	-0.529373	
0.538642	3.12843e-18	-0.538642	
0.547696	3.18102e-18	-0.547696	
0.556531	3.23233e-18	-0.556531	
0.565143	3.28235e-18	-0.565143	
0.573529	3.33106e-18	-0.573529	
0.581686	3.37843e-18	-0.581686	
0.58961	3.42445e-18	-0.58961	
0.597298	3.46911e-18	-0.597298	
0.604748	3.51237e-18	-0.604748	
0.611955	3.55423e-18	-0.611955	
0.618918	3.59467e-18	-0.618918	
0.625633	3.63367e-18	-0.625633	
0.632098	3.67122e-18	-0.632098	
0.63831	3.7073e-18	-0.63831	
0.644266	3.7419e-18	-0.644266	
0.649965	3.775e-18	-0.649965	
0.655404	3.80659e-18	-0.655404	
0.660581	3.83665e-18	-0.660581	
0.665494	3.86519e-18	-0.665494	
0.67014	3.89217e-18	-0.67014	
0.674519	3.9176e-18	-0.674519	
0.678627	3.94147e-18	-0.678627	
0.682465	3.96375e-18	-0.682465	
0.686029	3.98445e-18	-0.686029	
0.689319	4.00356e-18	-0.689319	
0.692333	4.02106e-18	-0.692333	
0.69507	4.03696e-18	-0.69507	
0.697529	4.05124e-18	-0.697529	
0.699709	4.06391e-18	-0.699709	
0.701609	4.07494e-18	-0.701609	
0.703229	4.08435e-18	-0.703229	
0.704567	4.09212e-18	-0.704567	
0.705624	4.09826e-18	-0.705624	
0.706398	4.10276e-18	-0.706398	
0.70689	4.10561e-18	-0.70689	
0.707099	4.10683e-18	-0.707099	
0.707025	4.1064e-18	-0.707025	
0.706668	4.10433e-18	-0.706668	
0.706029	4.10061e-18	-0.706029	
0.705107	4.09526e-18	-0.705107	
0.703903	4.08827e-18	-0.703903	
0.702418	4.07964e-18	-0.702418	
0.700652	4.06938e-18	-0.700652	
0.698605	4.0575e-18	-0.698605	
0.696279	4.04399e-18	-0.696279	
0.693675	4.02886e-18	-0.693675	
0.690793	4.01212e-18	-0.690793	
0.687635	3.99378e-18	-0.687635	
0.684202	3.97384e-18	-0.684202	
0.680495	3.95231e-18	-0.680495	
0.676516	3.9292e-18	-0.676516	
0.672266	3.90452e-18	-0.672266	
0.667747	3.87827e-18	-0.667747	
0.662962	3.85048e-18	-0.662962	
0.657911	3.82114e-18	-0.657911	
0.652597	3.79028e-18	-0.652597	
0.647022	3.7579e-18	-0.647022	
0.641188	3.72402e-18	-0.641188	
0.635097	3.68864e-18	-0.635097	
0.628753	3.6518e-18	-0.628753	
0.622157	3.61349e-18	-0.622157	
0.615313	3.57373e-18	-0.615313	
0.608222	3.53255e-18	-0.608222	
0.600888	3.48995e-18	-0.600888	
0.593313	3.44596e-18	-0.593313	
0.585501	3.40059e-18	-0.585501	
0.577455	3.35386e-18	-0.577455	
0.569179	3.30579e-18	-0.569179	
0.560674	3.25639e-18	-0.560674	
0.551945	3.20569e-18	-0.551945	
0.542995	3.15372e-18	-0.542995	
0.533829	3.10047e-18	-0.533829	
0.524448	3.04599e-18	-0.524448	
0.514858	2.99029e-18	-0.514858	
0.505062	2.9334e-18	-0.505062	
0.495064	2.87533e-18	-0.495064	
0.484868	2.81611e-18	-0.484868	
0.474478	2.75577e-18	-0.474478	
0.463898	2.69432e-18	-0.463898	
0.453133	2.63179e-18	-0.453133	
0.442186	2.56821e-18	-0.442186	
0.431063	2.50361e-18	-0.431063	
0.419767	2.438e-18	-0.419767	
0.408303	2.37142e-18	-0.408303	
0.396676	2.30389e-18	-0.396676	
0.38489	2.23544e-18	-0.38489	
0.37295	2.16609e-18	-0.37295	
0.360861	2.09588e-18	-0.360861	
0.348628	2.02483e-18	-0.348628	
0.336255	1.95297e-18	-0.336255	
0.323748	1.88033e-18	-0.323748	
0.311111	1.80693e-18	-0.311111	
0.29835	1.73282e-18	-0.29835	
0.28547	1.65801e-18	-0.28547	
0.272475	1.58254e-18	-0.272475	
0.259372	1.50643e-18	-0.259372	
0.246164	1.42972e-18	-0.246164	
0.232858	1.35244e-18	-0.232858	
0.219459	1.27462e-18	-0.219459	
0.205973	1.19629e-18	-0.205973	
0.192403	1.11748e-18	-0.192403	
0.178757	1.03822e-18	-0.178757	
0.16504	9.5855e-19	-0.16504	
0.151256	8.78495e-19	-0.151256	
0.137412	7.98088e-19	-0.137412	
0.123513	7.17362e-19	-0.123513	
0.109564	6.3635e-19	-0.109564	
0.0955721	5.55082e-19	-0.0955721	
0.0815415	4.73593e-19	-0.0815415	
0.0674784	3.91914e-19	-0.0674784	
0.0533882	3.10079e-19	-0.0533882	
0.0392767	2.28119e-19	-0.0392767	
0.0251495	1.46068e-19	-0.0251495	
0.0110122	6.3959e-20	-0.0110122	
-0.00312944	-1.81758e-20	0.00312944	
-0.0172699	-1.00303e-19	0.0172699	
-0.0314034	-1.82391e-19	0.0314034	
-0.0455244	-2.64405e-19	0.0455244	
-0.0596271	-3.46314e-19	0.0596271	
-0.073706	-4.28084e-19	0.073706	
-0.0877554	-5.09683e-19	0.0877554	
-0.10177	-5.91078e-19	0.10177	
-0.115743	-6.72237e-19	0.115743	
-0.129671	-7.53127e-19	0.129671	
-0.143546	-8.33715e-19	0.143546	
-0.157364	-9.1397e-19	0.157364	
-0.171119	-9.9386e-19	0.171119	
-0.184806	-1.07335e-18	0.184806	
-0.198419	-1.15241e-18	0.198419	
-0.211952	-1.23102e-18	0.211952	
-0.225401	-1.30913e-18	0.225401	
-0.238759	-1.38671e-18	0.238759	
-0.252022	-1.46374e-18	0.252022	
-0.265184	-1.54019e-18	0.265184	
-0.27824	-1.61602e-18	0.27824	
-0.291185	-1.6912e-18	0.291185	
-0.304013	-1.76571e-18	0.304013	
-0.31672	-1.83951e-18	0.31672	
-0.3293	-1.91257e-18	0.3293	
-0.341748	-1.98487e-18	0.341748	
-0.35406	-2.05638e-18	0.35406	
-0.36623	-2.12706e-18	0.36623	
-0.378253	-2.19689e-18	0.378253	
-0.390125	-2.26585e-18	0.390125	
-0.401841	-2.33389e-18	0.401841	
-0.413397	-2.40101e-18	0.413397	
-0.424787	-2.46716e-18	0.424787	
-0.436007	-2.53233e-18	0.436007	
-0.447053	-2.59648e-18	0.447053	
-0.45792	-2.6596e-18	0.45792	
-0.468604	-2.72165e-18	0.468604	
-0.4791	-2.78261e-18	0.4791	
-0.489405	-2.84246e-18	0.489405	
-0.499514	-2.90117e-18	0.499514	
-0.509423	-2.95872e-18	0.509423	
-0.519128	-3.01509e-18	0.519128	
-0.528626	-3.07026e-18	0.528626	
-0.537912	-3.12419e-18	0.537912	
-0.546983	-3.17688e-18	0.546983	
-0.555836	-3.22829e-18	0.555836	
-0.564466	-3.27841e-18	0.564466	
-0.57287	-3.32723e-18	0.57287	
-0.581045	-3.37471e-18	0.581045	
-0.588988	-3.42084e-18	0.588988	
-0.596695	-3.4656e-18	0.596695	
-0.604163	-3.50898e-18	0.604163	
-0.61139	-3.55095e-18	0.61139	
-0.618372	-3.5915e-18	0.618372	
-0.625107	-3.63062e-18	0.625107	
-0.631592	-3.66828e-18	0.631592	
-0.637824	-3.70448e-18	0.637824	
-0.643801	-3.7392e-18	0.643801	
-0.649521	-3.77242e-18	0.649521	
-0.654981	-3.80413e-18	0.654981	
-0.660179	-3.83432e-18	0.660179	
-0.665112	-3.86297e-18	0.665112	
-0.66978	-3.89008e-18	0.66978	
-0.67418	-3.91563e-18	0.67418	
-0.67831	-3.93962e-18	0.67831	
-0.682169	-3.96203e-18	0.682169	
-0.685755	-3.98286e-18	0.685755	
-0.689067	-4.0021e-18	0.689067	
-0.692103	-4.01973e-18	0.692103	
-0.694862	-4.03576e-18	0.694862	
-0.697343	-4.05017e-18	0.697343	
-0.699546	-4.06296e-18	0.699546	
-0.701468	-4.07412e-18	0.701468	
-0.70311	-4.08366e-18	0.70311	
-0.704471	-4.09156e-18	0.704471	
-0.70555	-4.09783e-18	0.70555	
-0.706347	-4.10246e-18	0.706347	
-0.706861	-4.10545e-18	0.706861	
-0.707092	-4.10679e-18	0.707092	
-0.707041	-4.10649e-18	0.707041	
-0.706707	-4.10455e-18	0.706707	
-0.70609	-4.10097e-18	0.70609	
-0.705191	-4.09575e-18	0.705191	
-0.70401	-4.08889e-18	0.70401	
-0.702547	-4.08039e-18	0.702547	
-0.700803	-4.07026e-18	0.700803	
-0.698779	-4.0585e-18	0.698779	
-0.696475	-4.04512e-18	0.696475	
-0.693893	-4.03013e-18	0.693893	
-0.691033	-4.01352e-18	0.691033	
-0.687897	-3.9953e-18	0.687897	
-0.684485	-3.97549e-18	0.684485	
-0.6808	-3.95408e-18	0.6808	
-0.676842	-3.9311e-18	0.676842	
-0.672614	-3.90654e-18	0.672614	
-0.668117	-3.88042e-18	0.668117	
-0.663352	-3.85275e-18	0.663352	
-0.658323	-3.82353e-18	0.658323	
-0.653029	-3.79279e-18	0.653029	
-0.647475	-3.76053e-18	0.647475	
-0.641662	-3.72677e-18	0.641662	
-0.635592	-3.69151e-18	0.635592	
-0.629268	-3.65478e-18	0.629268	
-0.622692	-3.61659e-18	0.622692	
-0.615867	-3.57695e-18	0.615867	
-0.608795	-3.53588e-18	0.608795	
-0.60148	-3.4934e-18	0.60148	
-0.593925	-3.44951e-18	0.593925	
-0.586132	-3.40425e-18	0.586132	
-0.578105	-3.35763e-18	0.578105	
-0.569846	-3.30966e-18	0.569846	
-0.561359	-3.26037e-18	0.561359	
-0.552648	-3.20978e-18	0.552648	
-0.543716	-3.1579e-18	0.543716	
-0.534566	-3.10476e-18	0.534566	
-0.525203	-3.05038e-18	0.525203	
-0.515629	-2.99477e-18	0.515629	
-0.50585	-2.93797e-18	0.50585	
-0.495867	-2.88e-18	0.495867	
-0.485687	-2.82087e-18	0.485687	
-0.475312	-2.76061e-18	0.475312	
-0.464747	-2.69925e-18	0.464747	
-0.453997	-2.63681e-18	0.453997	
-0.443064	-2.57332e-18	0.443064	
-0.431955	-2.50879e-18	0.431955	
-0.420672	-2.44326e-18	0.420672	
-0.409222	-2.37676e-18	0.409222	
-0.397608	-2.3093e-18	0.397608	
-0.385834	-2.24092e-18	0.385834	
-0.373907	-2.17165e-18	0.373907	
-0.361829	-2.1015e-18	0.361829	
-0.349607	-2.03052e-18	0.349607	
-0.337246	-1.95872e-18	0.337246	
-0.324749	-1.88614e-18	0.324749	
-0.312122	-1.81281e-18	0.312122	
-0.299371	-1.73875e-18	0.299371	
-0.2865	-1.66399e-18	0.2865	
-0.273514	-1.58857e-18	0.273514	
-0.260419	-1.51251e-18	0.260419	
-0.24722	-1.43585e-18	0.24722	
-0.233921	-1.35861e-18	0.233921	
-0.22053	-1.28084e-18	0.22053	
-0.20705	-1.20254e-18	0.20705	
-0.193487	-1.12377e-18	0.193487	
-0.179847	-1.04455e-18	0.179847	
-0.166135	-9.64909e-19	0.166135	
-0.152356	-8.84883e-19	0.152356	
-0.138517	-8.04503e-19	0.138517	
-0.124622	-7.23802e-19	0.124622	
-0.110677	-6.42811e-19	0.110677	
-0.0966878	-5.61562e-19	0.0966878	
-0.0826601	-4.8009e-19	0.0826601	
-0.0685993	-3.98425e-19	0.0685993	
-0.0545111	-3.166e-19	0.0545111	
-0.0404011	-2.3465e-19	0.0404011	
-0.0262749	-1.52605e-19	0.0262749	
-0.0121383	-7.0499e-20	0.0121383	
0.00200327	1.1635e-20	-0.00200327	
0.016144	9.37643e-20	-0.016144	
0.0302783	1.75856e-19	-0.0302783	
0.0444005	2.57878e-19	-0.0444005	
0.0585049	3.39796e-19	-0.0585049	
0.0725859	4.21578e-19	-0.0725859	
0.0866378	5.03192e-19	-0.0866378	
0.100655	5.84605e-19	-0.100655	
0.114632	6.65783e-19	-0.114632	
0.128563	7.46696e-19	-0.128563	
0.142443	8.2731e-19	-0.142443	
0.156266	9.07592e-19	-0.156266	
0.170026	9.87512e-19	-0.170026	
0.183719	1.06704e-18	-0.183719	
0.197337	1.14613e-18	-0.197337	
0.210877	1.22477e-18	-0.210877	
0.224333	1.30292e-18	-0.224333	
0.237699	1.38055e-18	-0.237699	
0.250969	1.45763e-18	-0.250969	
0.26414	1.53412e-18	-0.26414	
0.277204	1.61e-18	-0.277204	
0.290158	1.68524e-18	-0.290158	
0.302996	1.7598e-18	-0.302996	
0.315712	1.83366e-18	-0.315712	
0.328303	1.90678e-18	-0.328303	
0.340762	1.97914e-18	-0.340762	
0.353084	2.05071e-18	-0.353084	
0.365266	2.12146e-18	-0.365266	
0.377301	2.19136e-18	-0.377301	
0.389186	2.26039e-18	-0.389186	
0.400914	2.32851e-18	-0.400914	
0.412483	2.3957e-18	-0.412483	
0.423886	2.46193e-18	-0.423886	
0.43512	2.52717e-18	-0.43512	
0.44618	2.59141e-18	-0.44618	
0.457061	2.65461e-18	-0.457061	
0.46776	2.71675e-18	-0.46776	
0.478271	2.7778e-18	-0.478271	
0.488591	2.83774e-18	-0.488591	
0.498716	2.89654e-18	-0.498716	
0.508641	2.95418e-18	-0.508641	
0.518363	3.01065e-18	-0.518363	
0.527877	3.06591e-18	-0.527877	
0.53718	3.11994e-18	-0.53718	
0.546269	3.17273e-18	-0.546269	
0.555139	3.22424e-18	-0.555139	
0.563787	3.27447e-18	-0.563787	
0.572209	3.32339e-18	-0.572209	
0.580403	3.37098e-18	-0.580403	
0.588364	3.41721e-18	-0.588364	
0.59609	3.46209e-18	-0.59609	
0.603577	3.50557e-18	-0.603577	
0.610824	3.54766e-18	-0.610824	
0.617825	3.58833e-18	-0.617825	
0.62458	3.62756e-18	-0.62458	
0.631085	3.66534e-18	-0.631085	
0.637337	3.70165e-18	-0.637337	
0.643335	3.73649e-18	-0.643335	
0.649075	3.76983e-18	-0.649075	
0.654556	3.80166e-18	-0.654556	
0.659774	3.83197e-18	-0.659774	
0.664729	3.86074e-18	-0.664729	
0.669418	3.88798e-18	-0.669418	
0.673839	3.91366e-18	-0.673839	
0.677991	3.93777e-18	-0.677991	
0.681872	3.96031e-18	-0.681872	
0.685479	3.98126e-18	-0.685479	
0.688813	4.00062e-18	-0.688813	
0.691871	4.01838e-18	-0.691871	
0.694652	4.03454e-18	-0.694652	
0.697156	4.04908e-18	-0.697156	
0.699381	4.062e-18	-0.699381	
0.701325	4.07329e-18	-0.701325	
0.70299	4.08296e-18	-0.70299	
0.704373	4.09099e-18	-0.704373	
0.705474	4.09739e-18	-0.705474	
0.706294	4.10215e-18	-0.706294	
0.70683	4.10527e-18	-0.70683	
0.707084	4.10674e-18	-0.707084	
0.707056	4.10658e-18	-0.707056	
0.706744	4.10477e-18	-0.706744	
0.70615	4.10131e-18	-0.70615	
0.705273	4.09622e-18	-0.705273	
0.704114	4.08949e-18	-0.704114	
0.702674	4.08112e-18	-0.702674	
0.700952	4.07113e-18	-0.700952	
0.69895	4.0595e-18	-0.69895	
0.696669	4.04625e-18	-0.696669	
0.694108	4.03138e-18	-0.694108	
0.691271	4.0149e-18	-0.691271	
0.688156	3.99681e-18	-0.688156	
0.684767	3.97712e-18	-0.684767	
0.681103	3.95585e-18	-0.681103	
0.677168	3.93299e-18	-0.677168	
0.672961	3.90855e-18	-0.672961	
0.668485	3.88256e-18	-0.668485	
0.663742	3.85501e-18	-0.663742	
0.658733	3.82592e-18	-0.658733	
0.653461	3.7953e-18	-0.653461	
0.647927	3.76316e-18	-0.647927	
0.642134	3.72951e-18	-0.642134	
0.636085	3.69438e-18	-0.636085	
0.62978	3.65776e-18	-0.62978	
0.623224	3.61969e-18	-0.623224	
0.616419	3.58016e-18	-0.616419	
0.609367	3.5392e-18	-0.609367	
0.602072	3.49683e-18	-0.602072	
0.594535	3.45306e-18	-0.594535	
0.586761	3.40791e-18	-0.586761	
0.578752	3.36139e-18	-0.578752	
0.570512	3.31353e-18	-0.570512	
0.562044	3.26435e-18	-0.562044	
0.55335	3.21386e-18	-0.55335	
0.544435	3.16208e-18	-0.544435	
0.535303	3.10904e-18	-0.535303	
0.525956	3.05475e-18	-0.525956	
0.516399	2.99925e-18	-0.516399	
0.506636	2.94254e-18	-0.506636	
0.49667	2.88466e-18	-0.49667	
0.486505	2.82562e-18	-0.486505	
0.476145	2.76545e-18	-0.476145	
0.465596	2.70418e-18	-0.465596	
0.45486	2.64182e-18	-0.45486	
0.443941	2.57841e-18	-0.443941	
0.432846	2.51397e-18	-0.432846	
0.421577	2.44852e-18	-0.421577	
0.41014	2.38209e-18	-0.41014	
0.398538	2.31471e-18	-0.398538	
0.386777	2.2464e-18	-0.386777	
0.374862	2.1772e-18	-0.374862	
0.362796	2.10712e-18	-0.362796	
0.350586	2.0362e-18	-0.350586	
0.338235	1.96447e-18	-0.338235	
0.325749	1.89195e-18	-0.325749	
0.313133	1.81867e-18	-0.313133	
0.300391	1.74467e-18	-0.300391	
0.287529	1.66997e-18	-0.287529	
0.274552	1.5946e-18	-0.274552	
0.261466	1.51859e-18	-0.261466	
0.248274	1.44198e-18	-0.248274	
0.234984	1.36479e-18	-0.234984	
0.221599	1.28705e-18	-0.221599	
0.208126	1.2088e-18	-0.208126	
0.19457	1.13006e-18	-0.19457	
0.180936	1.05087e-18	-0.180936	
0.167229	9.71266e-19	-0.167229	
0.153456	8.91269e-19	-0.153456	
0.139621	8.10916e-19	-0.139621	
0.12573	7.30239e-19	-0.12573	
0.111789	6.4927e-19	-0.111789	
0.0978033	5.68041e-19	-0.0978033	
0.0837785	4.86585e-19	-0.0837785	
0.0697201	4.04934e-19	-0.0697201	
0.0556339	3.23121e-19	-0.0556339	
0.0415254	2.41179e-19	-0.0415254	
0.0274003	1.59141e-19	-0.0274003	
0.0132643	7.70388e-20	-0.0132643	
-0.000877099	-5.09419e-21	0.000877099	
-0.0150181	-8.72251e-20	0.0150181	
-0.0291531	-1.69321e-19	0.0291531	
-0.0432764	-2.51349e-19	0.0432764	
-0.0573825	-3.33277e-19	0.0573825	
-0.0714655	-4.15072e-19	0.0714655	
-0.08552	-4.967e-19	0.08552	
-0.0995403	-5.7813e-19	0.0995403	
-0.113521	-6.59328e-19	0.113521	
-0.127456	-7.40263e-19	0.127456	
-0.14134	-8.20902e-19	0.14134	
-0.155167	-9.01212e-19	0.155167	
-0.168933	-9.81162e-19	0.168933	
-0.182631	-1.06072e-18	0.182631	
-0.196256	-1.13985e-18	0.196256	
-0.209802	-1.21853e-18	0.209802	
-0.223265	-1.29672e-18	0.223265	
-0.236638	-1.37439e-18	0.236638	
-0.249916	-1.45151e-18	0.249916	
-0.263095	-1.52805e-18	0.263095	
-0.276168	-1.60398e-18	0.276168	
-0.289131	-1.67927e-18	0.289131	
-0.301978	-1.75389e-18	0.301978	
-0.314704	-1.8278e-18	0.314704	
-0.327305	-1.90099e-18	0.327305	
-0.339775	-1.97341e-18	0.339775	
-0.352108	-2.04504e-18	0.352108	
-0.364301	-2.11586e-18	0.364301	
-0.376348	-2.18583e-18	0.376348	
-0.388245	-2.25492e-18	0.388245	
-0.399986	-2.32312e-18	0.399986	
-0.411567	-2.39038e-18	0.411567	
-0.422984	-2.45669e-18	0.422984	
-0.434232	-2.52202e-18	0.434232	
-0.445305	-2.58633e-18	0.445305	
-0.456201	-2.64961e-18	0.456201	
-0.466914	-2.71184e-18	0.466914	
-0.477441	-2.77297e-18	0.477441	
-0.487776	-2.833e-18	0.487776	
-0.497917	-2.8919e-18	0.497917	
-0.507858	-2.94964e-18	0.507858	
-0.517596	-3.0062e-18	0.517596	
-0.527127	-3.06155e-18	0.527127	
-0.536447	-3.11568e-18	0.536447	
-0.545553	-3.16857e-18	0.545553	
-0.554441	-3.22019e-18	0.554441	
-0.563106	-3.27052e-18	0.563106	
-0.571547	-3.31954e-18	0.571547	
-0.579759	-3.36723e-18	0.579759	
-0.587738	-3.41358e-18	0.587738	
-0.595483	-3.45856e-18	0.595483	
-0.60299	-3.50216e-18	0.60299	
-0.610255	-3.54436e-18	0.610255	
-0.617277	-3.58514e-18	0.617277	
-0.624051	-3.62449e-18	0.624051	
-0.630576	-3.66238e-18	0.630576	
-0.636849	-3.69882e-18	0.636849	
-0.642867	-3.73377e-18	0.642867	
-0.648627	-3.76723e-18	0.648627	
-0.654129	-3.79918e-18	0.654129	
-0.659368	-3.82961e-18	0.659368	
-0.664344	-3.85851e-18	0.664344	
-0.669055	-3.88587e-18	0.669055	
-0.673497	-3.91167e-18	0.673497	
-0.67767	-3.93591e-18	0.67767	
-0.681573	-3.95857e-18	0.681573	
-0.685202	-3.97965e-18	0.685202	
-0.688558	-3.99914e-18	0.688558	
-0.691638	-4.01703e-18	0.691638	
-0.694441	-4.03331e-18	0.694441	
-0.696967	-4.04798e-18	0.696967	
-0.699214	-4.06103e-18	0.699214	
-0.701181	-4.07246e-18	0.701181	
-0.702867	-4.08225e-18	0.702867	
-0.704273	-4.09042e-18	0.704273	
-0.705397	-4.09694e-18	0.705397	
-0.706239	-4.10183e-18	0.706239	
-0.706798	-4.10508e-18	0.706798	
-0.707074	-4.10669e-18	0.707074	
-0.707068	-4.10665e-18	0.707068	
-0.706779	-4.10497e-18	0.706779	
-0.706207	-4.10165e-18	0.706207	
-0.705353	-4.09669e-18	0.705353	
-0.704217	-4.09009e-18	0.704217	
-0.702799	-4.08185e-18	0.702799	
-0.701099	-4.07198e-18	0.701099	
-0.69912	-4.06048e-18	0.69912	
-0.69686	-4.04736e-18	0.69686	
-0.694322	-4.03262e-18	0.694322	
-0.691507	-4.01627e-18	0.691507	
-0.688414	-3.99831e-18	0.688414	
-0.685047	-3.97875e-18	0.685047	
-0.681405	-3.9576e-18	0.681405	
-0.677491	-3.93486e-18	0.677491	
-0.673306	-3.91056e-18	0.673306	
-0.668851	-3.88468e-18	0.668851	
-0.664129	-3.85726e-18	0.664129	
-0.659141	-3.82829e-18	0.659141	
-0.65389	-3.79779e-18	0.65389	
-0.648377	-3.76577e-18	0.648377	
-0.642605	-3.73225e-18	0.642605	
-0.636576	-3.69723e-18	0.636576	
-0.630292	-3.66073e-18	0.630292	
-0.623756	-3.62277e-18	0.623756	
-0.61697	-3.58336e-18	0.61697	
-0.609938	-3.54252e-18	0.609938	
-0.602662	-3.50026e-18	0.602662	
-0.595144	-3.4566e-18	0.595144	
-0.587389	-3.41155e-18	0.587389	
-0.579399	-3.36515e-18	0.579399	
-0.571177	-3.31739e-18	0.571177	
-0.562726	-3.26831e-18	0.562726	
-0.554051	-3.21792e-18	0.554051	
-0.545153	-3.16625e-18	0.545153	
-0.536038	-3.11331e-18	0.536038	
-0.526708	-3.05912e-18	0.526708	
-0.517168	-3.00371e-18	0.517168	
-0.507421	-2.9471e-18	0.507421	
-0.497471	-2.88931e-18	0.497471	
-0.487322	-2.83036e-18	0.487322	
-0.476977	-2.77028e-18	0.476977	
-0.466443	-2.7091e-18	0.466443	
-0.455721	-2.64683e-18	0.455721	
-0.444817	-2.5835e-18	0.444817	
-0.433736	-2.51914e-18	0.433736	
-0.422481	-2.45377e-18	0.422481	
-0.411057	-2.38741e-18	0.411057	
-0.399468	-2.32011e-18	0.399468	
-0.38772	-2.25187e-18	0.38772	
-0.375816	-2.18274e-18	0.375816	
-0.363763	-2.11273e-18	0.363763	
-0.351563	-2.04188e-18	0.351563	
-0.339224	-1.97021e-18	0.339224	
-0.326748	-1.89775e-18	0.326748	
-0.314142	-1.82453e-18	0.314142	
-0.30141	-1.75059e-18	0.30141	
